1   5.5902   5.5902   0.0000
1.50000   7.50000	A
2.50000   2.00000	B
END
2   7.1063   7.1063   0.0000
1.50000   7.50000	A
7.00000   12.00000	C
END
3   -1.0000   5.0000   0.0000
7.00000   12.00000	C
11.00000   9.00000	D
END
4   6.0828   6.0828 0.0000
7.00000   12.00000	C
6.00000   6.00000	E
END
5   5.8309   -1.0000 0.0000
6.00000   6.00000	E
11.00000   9.00000	D
END
6   5.3151   5.3151 0.0000
6.00000   6.00000	E
2.50000   2.00000	B
END
7   3.6056   3.6056   0.0000
6.00000   6.00000	E
9.00000   4.00000	F
END
8   6.8007   -1.0000 0.0000
2.50000   2.00000	B
9.00000   4.00000	F
END
9   2.8284   2.8284 0.0000
11.0000   9.0000	D
13.00000   11.0000	G
END
10   2.8284   2.8284 0.0000
13.0000   11.0000	G
15.00000   9.0000	H
END
11   4.2426   4.2426 0.0000
11.0000   9.0000	D
14.00000   6.0000	I
END
12   2.8284   2.8284 0.0000
12.0000   4.0000	J
14.00000   6.0000	I
END
13   3.0000   3.0000 0.0000
9.0000   4.0000		F
12.00000   4.0000	I
END